#rname	startpos	endpos	numreads	covbases	coverage	meandepth	meanbaseq	meanmapq
SRR18286780_GP	1	1480	421	1468	99.1892	37.5899	39.7	35.8
SRR18286780_HP2	1	522	5	262	50.1916	1.89847	39.7	42
SRR18286780_PB1	1	2399	297	1474	61.4423	18.0217	40.1	38.1
SRR18286780_NP	1	1684	926	1684	100	78.2672	39.8	35.4
SRR18286780_NP_2	1	1683	4	565	33.571	0.522876	39.1	42
SRR18286780_HP3	1	414	20	325	78.5024	5.60628	39.1	35.2
SRR18286780_PB2	1	2358	499	2015	85.4538	30.8295	40	38.9
SRR18286780_HP1	1	666	185	664	99.6997	38.8108	39.9	38.8
SRR18286780_PA	1	2154	1269	1697	78.7837	85.4619	40	39
