#rname	startpos	endpos	numreads	covbases	coverage	meandepth	meanbaseq	meanmapq
SRR10095376_GP	1	1365	460	1365	100	37.0432	38.6	38.2
SRR10095376_PB1	1	2361	500	2348	99.4494	25.6019	38.7	40.4
SRR10095376_HP1	1	699	107	699	100	19.8841	38.8	40.4
SRR10095376_HP3	1	351	36	337	96.0114	12.5442	38.1	41.8
SRR10095376_NP	1	1701	341	1698	99.8236	24.3245	38.7	39
SRR10095376_HP2	1	564	137	552	97.8723	29.5762	38.8	39.5
SRR10095376_PB2	1	2364	428	2355	99.6193	21.901	38.7	39.4
SRR10095376_GP-2	1	1440	93	988	68.6111	8.22569	38.8	33.3
SRR10095376_PA	1	2127	275	2127	100	15.8265	38.7	39.4
