#rname	startpos	endpos	numreads	covbases	coverage	meandepth	meanbaseq	meanmapq
SRR6155879_GP	1	1365	1431	1365	100	128.852	38.6	38.8
SRR6155879_PB1	1	2361	948	2361	100	60.0127	38.8	41.3
SRR6155879_HP3	1	351	1085	351	100	479.915	38.7	36.7
SRR6155879_HP1	1	699	1170	699	100	257.492	38.7	40.5
SRR6155879_NP	1	1701	1427	1701	100	123.772	38.5	38.4
SRR6155879_HP2	1	585	1367	585	100	355.279	38.7	40.1
SRR6155879_PB2	1	2364	1150	2364	100	71.9577	38.6	41.8
SRR6155879_PA	1	2127	910	2127	100	63.4368	38.7	41.4
SRR6155879_NP-2	1	1701	0	0	0	0	0	0
